Hello world!

Using seed 653091685
Finish loading functions!

Finish Generating Points!

0,1.85188887501,0.012195593,1000

0,0.479910569464,0.005028432,1000

0,1.06283514269,0.00552276,1000

0,0.741375285258,0.004872099,1000

0,1.14201895798,0.004011135,1000

0,0.548886057196,0.003491888,1000

0,0.62694912322,0.004755624,1000

0,1.58596240719,0.003738782,1000

0,1.19826718385,0.004019594,1000

0,0.638855083567,0.004594052,1000

0,0.708792681488,0.004253559,1000

0,0.887639145279,0.003119911,1000

0,0.707092182175,0.00277127,1000

0,1.57387245593,0.002999435,1000

0,0.731691705095,0.003339965,1000

0,0.879739589091,0.002840579,1000

0,1.04664360252,0.003628278,1000

0,0.816465370725,0.003364043,1000

0,0.786193127903,0.002647654,1000

0,1.51312060296,0.002723536,1000

0,0.884635441743,0.00287514,1000

0,0.938525260819,0.002171876,1000

0,0.866365395204,0.001891328,1000

0,1.58596240719,0.002162686,1000

0,0.961734509474,0.002872524,1000

Finish MIMIC!

0,0.274373734294,4.5731e-05,11

0,0.308509861278,2.0657e-05,11

0,0.28967559122,3.0586e-05,11

0,0.221796333405,2.1065e-05,11

0,0.263249295571,2.4292e-05,11

Finish RHC!

0,0.255542789774,0.000160046,11

0,0.150863511945,2.1262e-05,11

0,0.234924258939,2.5595e-05,11

0,0.330762289484,2.2425e-05,11

0,0.255422344493,2.0752e-05,11

0,0.217764812062,2.891e-05,11

0,0.231505353877,2.1808e-05,11

0,0.197817170558,2.9096e-05,11

0,0.257965079443,2.9692e-05,11

0,0.337516126792,2.7711e-05,11

0,0.320053616562,2.2478e-05,11

0,0.173603719697,2.035e-05,11

0,0.261199911972,1.9249e-05,11

0,0.243324611744,1.9761e-05,11

0,0.197455903481,2.0798e-05,11

0,0.320351595756,3.1274e-05,11

0,0.208061869572,2.4398e-05,11

0,0.325559894113,1.691e-05,11

0,0.249391898596,1.4613e-05,11

0,0.321758106344,1.4815e-05,11

0,0.241802547116,2.2603e-05,11

0,0.242058475682,1.5795e-05,11

0,0.248457470007,1.8601e-05,11

0,0.243402279783,1.4429e-05,11

0,0.292933692039,1.5128e-05,11

Finish SA!

0,0.414981312968,0.001785699,794

0,0.429210939519,0.000842505,731

0,0.429210939519,0.00117576,645

0,0.371329999502,0.000967044,685

0,0.371329999502,0.000866047,570

0,0.450292742473,0.000812198,475

0,0.475775130193,0.000629965,556

0,0.453554071707,0.000576179,436

0,0.380784468215,0.000517338,285

0,0.368627392367,0.001151639,803

0,0.414981312968,0.001155814,736

0,0.411327116637,0.001027144,653

0,0.371242512119,0.000701278,682

0,0.443778511606,0.000708571,573

0,0.41246926831,0.000697556,464

0,0.416507257817,0.000454289,570

0,0.613905990173,0.000375257,436

0,0.490069207838,0.000307109,284

0,0.375123459016,0.000615417,799

0,0.414981312968,0.000459926,725

0,0.429210939519,0.000365555,642

0,0.402535745796,0.000365261,678

0,0.371800834051,0.000442048,583

0,0.371795902442,0.000423563,468

0,0.57620359749,0.000325609,558

0,0.528794359352,0.000289187,429

0,0.513151906401,0.000188936,291

0,0.429210939519,0.000493888,795

0,0.414981312968,0.000548593,729

0,0.776808181347,0.000372677,648

0,0.499737351845,0.000443834,673

0,0.397658953517,0.000460555,578

0,0.411327116637,0.000400739,466

0,0.4062160511,0.000322086,540

0,0.394065180566,0.000296713,436

0,0.529944251671,0.000281666,287

0,0.429210939519,0.000560124,808

0,0.429210939519,0.000551876,733

0,0.429210939519,0.000533832,650

0,0.364259124268,0.000432018,681

0,0.371800834051,0.000401454,588

0,0.429210939519,0.000367571,468

0,0.430400691505,0.000301934,561

0,0.378314082005,0.000274802,430

0,0.46118205977,0.000263599,287

Finish GA!

