Hello world!

Using seed 653091685
Finish loading functions!

0,6.0,0.000116306,11

0,4.0,6.7065e-05,11

0,4.0,4.8941e-05,11

0,3.0,5.1647e-05,11

0,4.0,4.5974e-05,11

0,4.0,6.3237e-05,11

0,3.0,5.6589e-05,11

0,4.0,6.583e-05,11

0,4.0,8.4241e-05,11

0,4.0,4.8401e-05,11

0,3.0,5.3344e-05,11

0,5.0,5.0216e-05,11

0,5.0,4.5802e-05,11

0,8.0,3.6006e-05,11

0,2.0,3.1841e-05,11

0,3.0,0.000203679,11

0,5.0,5.7556e-05,11

0,4.0,4.0807e-05,11

0,6.0,3.5915e-05,11

0,3.0,3.3711e-05,11

0,3.0,4.7649e-05,11

0,4.0,4.6603e-05,11

0,4.0,7.5969e-05,11

0,3.0,3.3476e-05,11

0,3.0,3.3368e-05,11

0,5.0,4.2423e-05,11

0,3.0,5.7601e-05,11

0,3.0,3.279e-05,11

0,3.0,3.2169e-05,11

0,4.0,2.9238e-05,11

0,9.0,0.005037769,795

0,9.0,0.000905518,722

0,9.0,0.000696069,641

0,9.0,0.000961846,676

0,9.0,0.000780517,595

0,9.0,0.000839692,469

0,9.0,0.000816516,554

0,9.0,0.000730019,425

0,9.0,0.000520689,286

0,9.0,0.001071281,796

0,9.0,0.001017301,732

0,9.0,0.000759116,654

0,9.0,0.000719034,673

0,8.0,0.000591205,586

0,9.0,0.000246363,464

0,9.0,0.000405132,544

0,9.0,0.000402205,441

0,8.0,0.00028215,280

0,9.0,0.000347799,795

0,9.0,0.000365509,733

0,9.0,0.000359113,661

0,9.0,0.000310766,675

0,9.0,0.000296714,570

0,9.0,0.000263594,467

0,9.0,0.000329925,563

0,9.0,0.000262835,443

0,8.0,0.00022037,283

0,9.0,0.000347157,796

0,9.0,0.000320693,729

0,9.0,0.000209758,650

0,9.0,0.000313863,665

0,9.0,0.000341464,588

0,9.0,0.000287711,458

0,9.0,0.000204421,564

0,8.0,0.000252108,440

0,9.0,0.000230103,288

0,9.0,0.000343192,791

0,9.0,0.00030185,738

0,8.0,0.00020728,646

0,9.0,0.000305382,687

0,9.0,0.000274582,581

0,9.0,0.000250649,464

0,9.0,0.000179689,546

0,8.0,0.000237634,441

0,9.0,0.000228054,290

0,8.0,0.006692481,1000

0,9.0,0.00603875,1000

0,8.0,0.003212288,1000

0,9.0,0.002534668,1000

0,7.0,0.002654403,1000

0,7.0,0.002290375,1000

0,7.0,0.002797117,1000

0,8.0,0.002826014,1000

0,9.0,0.002404116,1000

0,7.0,0.00256137,1000

0,9.0,0.002971296,1000

0,9.0,0.002029046,1000

0,7.0,0.002211382,1000

0,8.0,0.00161724,1000

0,9.0,0.001878748,1000

0,9.0,0.00183395,1000

0,9.0,0.001844131,1000

0,6.0,0.00200453,1000

0,7.0,0.001757382,1000

0,9.0,0.001944504,1000

0,5.0,0.002119187,1000

0,7.0,0.0014395,1000

0,8.0,0.001257816,1000

0,9.0,0.00153636,1000

0,8.0,0.001351472,1000

