Hello world!

Using seed 653091685
Finish loading functions!

0,7.0,8.5832e-05,11

10,7.0,0.000140713,21

20,7.0,0.000178135,31

0,7.0,3.5587e-05,11

10,7.0,7.172e-05,21

20,7.0,0.000108734,31

0,7.0,3.6529e-05,11

10,7.0,6.834e-05,21

20,7.0,0.000117159,31

0,6.0,3.1205e-05,11

10,8.0,7.0194e-05,21

20,8.0,0.000105484,31

0,7.0,3.3817e-05,11

10,7.0,6.3146e-05,21

20,7.0,9.2373e-05,31

0,6.0,0.000288397,11

10,6.0,0.000340819,21

20,6.0,0.000372323,31

0,4.0,2.7809e-05,11

10,5.0,5.5324e-05,21

20,7.0,8.6967e-05,31

0,5.0,2.662e-05,11

10,4.0,5.5798e-05,21

20,4.0,8.5891e-05,31

0,7.0,2.2732e-05,11

10,6.0,4.6153e-05,21

20,2.0,6.7434e-05,31

0,4.0,2.1808e-05,11

10,5.0,4.3964e-05,21

20,4.0,6.6947e-05,31

0,6.0,2.3364e-05,11

10,6.0,4.8777e-05,21

20,9.0,6.8219e-05,31

0,8.0,2.0024e-05,11

10,3.0,4.001e-05,21

20,7.0,5.8945e-05,31

0,4.0,1.898e-05,11

10,4.0,3.8509e-05,21

20,3.0,5.7395e-05,31

0,6.0,1.7589e-05,11

10,7.0,4.6954e-05,21

20,3.0,6.4377e-05,31

0,2.0,2.6008e-05,11

10,4.0,4.4287e-05,21

20,4.0,6.2311e-05,31

0,6.0,2.136e-05,11

10,8.0,4.564e-05,21

20,8.0,6.477e-05,31

0,5.0,2.241e-05,11

10,5.0,0.00131682,21

20,7.0,0.001347217,31

0,7.0,1.9866e-05,11

10,1.0,3.6281e-05,21

20,5.0,5.3163e-05,31

0,2.0,3.1624e-05,11

10,4.0,4.5945e-05,21

20,5.0,6.1557e-05,31

0,4.0,1.3895e-05,11

10,4.0,2.8931e-05,21

20,2.0,4.3977e-05,31

0,3.0,1.5821e-05,11

10,6.0,3.0565e-05,21

20,6.0,4.6543e-05,31

0,5.0,1.6875e-05,11

10,5.0,3.1244e-05,21

20,9.0,5.393e-05,31

0,1.0,1.6697e-05,11

10,4.0,3.0255e-05,21

20,3.0,5.9083e-05,31

0,4.0,2.0615e-05,11

10,6.0,3.1634e-05,21

20,8.0,4.0649e-05,31

0,6.0,9.42e-06,11

10,5.0,1.8758e-05,21

20,4.0,2.7962e-05,31

0,5.0,1.1195e-05,11

10,7.0,2.0798e-05,21

20,9.0,3.3318e-05,31

0,2.0,8.778e-06,11

10,6.0,1.7355e-05,21

20,5.0,2.766e-05,31

0,3.0,1.5579e-05,11

10,4.0,2.3823e-05,21

20,5.0,5.5524e-05,31

0,5.0,9.422e-06,11

10,3.0,1.9945e-05,21

20,4.0,2.9315e-05,31

0,5.0,1.451e-05,11

10,6.0,2.4099e-05,21

20,4.0,3.2846e-05,31

0,9.0,0.002421789,794

10,9.0,0.002990264,1490

20,9.0,0.003563513,2182

0,9.0,0.000493212,727

10,9.0,0.001040881,1347

20,9.0,0.001543232,1972

0,9.0,0.000487002,639

10,9.0,0.000974853,1181

20,9.0,0.001447719,1726

0,9.0,0.000543066,667

10,9.0,0.001026073,1249

20,9.0,0.001503555,1817

0,9.0,0.000396746,585

10,9.0,0.000782956,1064

20,9.0,0.001113688,1547

0,9.0,0.000254394,470

10,8.0,0.000491765,835

20,8.0,0.00072008,1200

0,8.0,0.00024936,556

10,9.0,0.000546187,1007

20,9.0,0.000793415,1445

0,8.0,0.000208715,445

10,9.0,0.000401834,780

20,9.0,0.00057526,1116

0,9.0,0.000149162,284

10,9.0,0.000314988,467

20,9.0,0.000506806,655

0,9.0,0.000234658,798

10,9.0,0.000507456,1498

20,9.0,0.000743089,2204

0,9.0,0.000230609,745

10,9.0,0.000524902,1370

20,9.0,0.000786886,2009

0,9.0,0.000233955,643

10,9.0,0.000464013,1196

20,9.0,0.000689448,1742

0,8.0,0.000225999,692

10,8.0,0.000454472,1271

20,8.0,0.000675249,1843

0,9.0,0.000206054,584

10,9.0,0.000412875,1061

20,9.0,0.00061438,1534

0,9.0,0.00019321,468

10,9.0,0.000384719,834

20,9.0,0.000572957,1200

0,8.0,0.000189503,558

10,9.0,0.000378776,1020

20,9.0,0.000585058,1469

0,8.0,0.000182527,434

10,9.0,0.000367001,775

20,9.0,0.000522873,1102

0,8.0,0.000140972,288

10,9.0,0.000282091,476

20,9.0,0.000425916,656

0,8.0,0.000265478,794

10,9.0,0.000485397,1478

20,9.0,0.000693736,2173

0,8.0,0.000291127,732

10,9.0,0.000490428,1360

20,9.0,0.000689961,1997

0,9.0,0.000184237,649

10,9.0,0.000370711,1205

20,9.0,0.000554028,1758

0,9.0,0.000191646,675

10,9.0,0.00047655,1235

20,9.0,0.000671885,1805

0,9.0,0.000181163,572

10,9.0,0.000357721,1051

20,9.0,0.000536502,1532

0,9.0,0.000165979,465

10,9.0,0.000329638,834

20,9.0,0.000497513,1197

0,8.0,0.000221586,557

10,8.0,0.000394613,1002

20,9.0,0.000567591,1447

0,9.0,0.000158475,425

10,9.0,0.000321353,758

20,9.0,0.000474384,1094

0,9.0,0.000145728,288

10,9.0,0.000286967,476

20,9.0,0.000431582,661

0,9.0,0.00021057,809

10,9.0,0.000423342,1490

20,9.0,0.000638282,2195

0,8.0,0.000199747,737

10,8.0,0.000399462,1374

20,9.0,0.000599542,1990

0,9.0,0.000186331,648

10,9.0,0.000373647,1200

20,9.0,0.000556131,1751

0,9.0,0.000191913,679

10,9.0,0.000382914,1271

20,9.0,0.000574579,1849

0,9.0,0.000220445,592

10,9.0,0.000395958,1085

20,9.0,0.000571131,1569

0,9.0,0.000166808,472

10,9.0,0.000331052,828

20,9.0,0.000496826,1195

0,9.0,0.000172655,551

10,9.0,0.000341705,1002

20,9.0,0.000509403,1464

0,9.0,0.000162272,439

10,9.0,0.000320207,778

20,9.0,0.000473256,1110

0,8.0,0.000141121,287

10,9.0,0.000279262,474

20,8.0,0.000421449,661

0,9.0,0.000249244,792

10,9.0,0.000459587,1487

20,8.0,0.000670367,2181

0,9.0,0.000198834,733

10,9.0,0.000396747,1368

20,9.0,0.000591547,2009

0,9.0,0.000189844,655

10,9.0,0.000381158,1199

20,8.0,0.000564699,1744

0,9.0,0.000189386,672

10,9.0,0.000379958,1239

20,9.0,0.000565015,1818

0,9.0,0.000174792,575

10,9.0,0.000348045,1061

20,9.0,0.00052237,1534

0,8.0,0.000167382,471

10,9.0,0.000332503,842

20,9.0,0.000492724,1200

0,8.0,0.000168141,557

10,8.0,0.000336362,1010

20,9.0,0.000504573,1462

0,9.0,0.000157498,427

10,9.0,0.000313405,767

20,9.0,0.00051655,1099

0,9.0,0.000140308,285

10,9.0,0.000281328,471

20,9.0,0.000418562,655

0,8.0,0.005242329,1000

10,8.0,0.009215368,2100

20,8.0,0.012249978,3200

0,9.0,0.002636279,1000

10,8.0,0.005271565,2100

20,8.0,0.007709483,3200

0,9.0,0.002519351,1000

10,9.0,0.00495071,2100

20,9.0,0.007396165,3200

0,8.0,0.002476814,1000

10,8.0,0.004915471,2100

20,8.0,0.007134419,3200

0,9.0,0.00237481,1000

10,9.0,0.004621629,2100

20,8.0,0.006833791,3200

0,8.0,0.00246361,1000

10,9.0,0.004665082,2100

20,8.0,0.006885273,3200

0,9.0,0.00245003,1000

10,9.0,0.004907135,2100

20,9.0,0.007181869,3200

0,8.0,0.002294206,1000

10,8.0,0.004609443,2100

20,8.0,0.006855775,3200

0,9.0,0.002323589,1000

10,9.0,0.004682964,2100

20,9.0,0.007007637,3200

0,8.0,0.002370571,1000

10,8.0,0.004641994,2100

20,7.0,0.006967034,3200

0,9.0,0.002314729,1000

10,8.0,0.004557301,2100

20,7.0,0.006657495,3200

0,8.0,0.002282643,1000

10,8.0,0.004461552,2100

20,8.0,0.006931316,3200

0,9.0,0.002267287,1000

10,8.0,0.004563153,2100

20,8.0,0.006785086,3200

0,8.0,0.001851004,1000

10,9.0,0.003588777,2100

20,9.0,0.005340675,3200

0,9.0,0.00179431,1000

10,9.0,0.003655109,2100

20,9.0,0.005408629,3200

0,9.0,0.001817078,1000

10,7.0,0.003544664,2100

20,7.0,0.005096896,3200

0,8.0,0.001855897,1000

10,8.0,0.003654022,2100

20,8.0,0.005415398,3200

0,9.0,0.001924004,1000

10,8.0,0.003681794,2100

20,7.0,0.005410106,3200

0,9.0,0.001895408,1000

10,9.0,0.003614421,2100

20,7.0,0.005463938,3200

0,9.0,0.001908504,1000

10,9.0,0.00333153,2100

20,9.0,0.004523587,3200

0,9.0,0.001322086,1000

10,9.0,0.002423725,2100

20,9.0,0.003569739,3200

0,8.0,0.001290879,1000

10,8.0,0.002534854,2100

20,8.0,0.003754574,3200

0,9.0,0.001284454,1000

10,7.0,0.002484475,2100

20,7.0,0.003679971,3200

0,9.0,0.001338067,1000

10,9.0,0.002485588,2100

20,8.0,0.003729258,3200

0,9.0,0.001279438,1000

10,9.0,0.002475119,2100

20,9.0,0.003537337,3200

